20000
"Fuel Shuttle","Fuel Shuttle","400tn Fuel Shuttle","Imperial Naval Architects","TY",14,400.0000,200000.0000,0,0,1,0,8,0.0000,0
2,0,1,1,0.0000,0,0
1,0,1,0,0,0,0,0,0,4.0000,0.0000,0,0,0
28,0,0,1,0,0,350.0000,0,0,0
1,0,0,0,1,0,2,0,0,2,0,0,2,0,0,0,0,0,0
0,0
0,0,0,0,0
0,0,0,0,0,0,1
0,0,0,0,0,0,0,0,0,0,0,0,1,0,0,0,0,0,0,1,0,0,0,0,0,1,0
0,0,0,0,0,0,0,0,0,0.0000
0,40.0000,"Assorted Small Craft",0,0,0.0000,0,15.0000,"TL14 Light Fighter",1,0,0.0000,0,400.0000,"Fuel Shuttle",0,0,0.0000,0,0.0000,"None",0,0,0.0000,0,0.0000,"None",0,0,0.0000,0,0.0000,"None",0,0,0.0000,0,0.0000,"None",0,0,0.0000,0,0.0000,"None",0,0,0.0000,0,0,15.0000,0,0.0000,0,0,0
0,1,0,0,0,2.0,0.0,0,0,0,0.0000,1,0,0,0,0,0,0,0,0,0,0,0,0,0,0.000,0,0
0,0.0000,"None",0,0.0000,0.0000,0,0,0,0,0,0.0000,"None",0,0.0000,0.0000,0,0,0,0,0,0.0000,"None",0,0.0000,0.0000,0,0,0,0,0,0.0000,"None",0,0.0000,0.0000,0,0,0,0,0,0.0000,"None",0,0.0000,0.0000,0,0,0,0,0,0.0000,"None",0,0.0000,0.0000,0,0,0,0,0,0.0000,"None",0,0.0000,0.0000,0,0,0,0,0,0.0000,"None",0,0.0000,0.0000,0,0,0,0,0,0,0
0,1,0
Reserved for future expansion
Reserved for future expansion
Reserved for future expansion
Fuel shuttle for Azhanti High Lightning
